             | 14,450             | 57,800               | 319,000 133,000         |
| 아르체움등촌 강서구염창동275    | 20     |             |             |             |          | 30,000               | 6,000              | 24,000               |                         |
| 아르체움등촌 강서구염창동275    |        |             |             |             | B        | 50,000               | 10,000             | 40,000               | 221,000                 |
| 아르체움등촌 강서구염창동275    |        | 20.26       |             |             | A B A    | 30,300 50,500 36,600 | 6,060 10,100 7,320 | 24,240 40,400 29,280 | 134,000 223,000 162,000 |
| 아르체움등촌 강서구염창동275    | 25     | 25.03       |             | 3           | B A      | 61,000 55,800        | 12,200             | 48,800               | 269,000                 |
| 아르체움등촌 강서구염창동275    | 40     |             |             |             | B        | 93,000               | 11,160             | 44,640               | 246,000                 |
| 아르체움등촌 강서구염창동275    |        | 40.51       | 신혼Ⅰ       | 2           |          |                      | 18,600             | 74,400               | 411,000                 |
| 아르체움등촌 강서구염창동275    | 19     | 19.96       | 청년        | 78          | A B      | 27,750 46,250        | 5,550              | 22,200               | 123,000                 |
| 아르체움등촌 강서구염창동275    | 22     | 22.16       |             |             | A        | 30,300               | 9,250              | 37,000               | 204,000 134,000         |
| 아르체움등촌 강서구염창동275    |        |             |             | 106         |          |                      |                    |                      |                         |
| 아르체움등촌 강서구염창동275    |        | 32.94       |             | 2           | B        | 50,500               | 6,060 10,100       | 24,240 40,400        | 223,000                 |
| 아르체움등촌 강서구염창동275    | 32     |             |             |             | A        | 43,500               | 8,700              |