    | 계               | 계약금 (20%)     | (80%)         | (원)            |
|                              | 21     | 21.82       | 11          | A        | 28,050           | 5,610            | 22,440        | 124,000         |
|                              |        |             |             | B        | 46,750           | 9,350            | 37,400        | 206,000         |
|                              | 23A    | 23.84       | 17          | A        | 30,750           | 6,150            | 24,600        | 136,000         |
|                              |        |             |             | B        | 51,250           | 10,250           | 41,000        | 226,000         |
|                              | 23B    | 23.30       | 15          | A        | 30,000           | 6,000            | 24,000        | 133,000         |
|                              |        |             |             | B        | 50,000           | 10,000           | 40,000        | 221,000         |
|                              |        |             |             | A        | 37,950           | 7,590            | 30,360        | 168,000         |
|                              | 29     | 29.98       | 16          | B        | 63,250           | 12,650           | 50,600        | 279,000         |
|                              | 36     |             | 15          | A        | 42,750           | 8,550            | 34,200        | 189,000         |
|                              |        | 36.35       |             | B        | 71,250           | 14,250           | 57,000        | 315,000         |
|                              | 45     | 45.70       | 4           | A B      | 51,750 86,250    | 10,350 17,250    | 41,400 69,000 | 229,000 381,000 |
|                              | 19     | 19.42       | 57          | A        | 31,800           | 6,360            | 25,440        | 140,000         |
|                              |        |             |             | B        | 53,000    