    | ( ㎡)      | (실)        | 주거전용   | 주거공용   | 공용       |            | (예정) |
| 총계                              | 총계       | 989         |            |            |            |            |        |
| 종암라온프라이빗 성북구종암동83-3 | 21         | 11          |            |            |            |            |        |
|                                   |            |             | 21.82      | 11.80      | 21.22      | 54.85      |        |
|                                   | 23A        | 17          | 23.84      | 12.90      | 23.18      | 59.92      |        |
|                                   | 23B        | 15          | 23.30      | 12.61      | 22.66      | 58.58      |        |
|                                   | 29         | 16          | 29.98      | 16.22      | 29.16      | 75.37      |        |
|                                   | 36         | 15          | 36.35      | 19.67      | 35.35      | 91.38      |        |
|                                   | 45         | 4           | 45.70      | 24.72      | 44.45      | 114.88     |        |
| 골드타워 동작구신대방동351-5      | 19         | 57          | 19.42      | 11.72      | 2.69       | 33.84      |        |
| 골드타워 동작구신대방동351-5      | 27         | 16          | 27.95      | 16.52      | 3.87       | 48.35      |        |
| 골드타워 동작구신대방동351-5      | 36A        | 13          | 36.06      | 20.96      | 4.99       | 62.02      |        |
| 골드타워 동작구신대방동351-5      | 36B        | 11          | 36.00      | 20.78      | 4.98       | 61.77      |        |
| 골드타워 동작구신대방동351-5      | 40E 셰어형 | 2(실)       | 40.58      | 22.93      | 5.62       | 69.14      | 2025.  |
| 성북펠릭스 성북구하월곡동88-222   | 16         | 22          | 16.46      | 9.52       | 3.63       | 29.61      | 06     |
| 성북펠릭스 성북구하월곡동88-222   | 20         | 13          | 20.03      | 11.35      | 4.42       | 35.80      |        |
| 성북펠릭스 성북구하월곡동88-222   | 37         | 5           | 37.30      | 20.53      | 8.22       | 66.05      |        |
| 성북펠릭스 성북구하월곡동88