       | 10,600           | 42,400        | 234,000         |
|                              | 27     | 27.95       |             | A        | 43,800           | 8,760            | 35,040        | 193,000         |
|                              |        |             | 16          | B        | 73,000           | 14,600           | 58,400        | 322,000         |
|                              | 36A    | 36.06       | 13          | A        | 54,150           | 10,830           | 43,320        | 239,000         |
|                              |        |             |             | B        | 90,250           | 18,050           | 72,200 44,160 | 399,000 244,000 |
|                              | 36B    | 36.00       | 11          | A        | 55,200           | 11,040           |               | 406,000         |
|                              | 40E    |             |             | B        | 92,000           | 18,400           | 73,600        |                 |
|                              | 셰어형 | 40.58       | 2(실)       | A B      | 29,800           | 5,960 9,930      | 23,840 39,720 | 130,000 220,000 |
|                              | 16     | 16.46       | 22          | A        | 49,650 20,700    | 4,140            | 16,560 27,600 | 91,000          |
| 성북펠릭스                   | 20     |             | 13          | B A      | 34,500           | 6,900            | 19,800        | 152,000         |
| 성북펠릭스                   |        | 20.03       |             |          | 24,750           | 4,950            |               | 109,000         |
| 성북펠릭스                   | 37     | 37.30       | 5           | B        | 41,250           | 8,250            | 33,000        | 182,000         |
| 성북펠릭스                   |        |             |             | A        | 41,700           | 8,340            | 33,360        | 184,000 307,000 |
| 성북펠릭스                   |        |             |             | B        | 69,500           | 13,900           | 55,600      